00022-10090-10190 Danny 342 78 476 429 bag 323 190 424 343 chair 170 234 281 440
00022-10300-10390 Danny 361 71 477 431 bag 199 234 273 341 chair 176 245 287 439
00022-10800-10900 Danny 262 72 360 432 bag 295 186 369 286 chair 440 262 553 451
00022-11020-11105 Danny 272  53 366 436 bag 470 261 533 357 chair 450 258 559 447
00022-11330-11430 Danny 384 89 498 433 bag 387 186 464 291 chair 160 245 272 436
00022-11580-11670 Danny 331 80 473 439 bag 187 252 253 345 chair 167 244 274 435
00022-12350-12445 Danny 289 72 407 436 Andrei 473 75 572 429 bag 330 158 404 337
00022-12570-12680 Danny 291 73 414 437 Andrei 457 77 552 427 bag 468 260 533 358 
00022-12930-13000 Danny 178 60 268 424 Andrei 364 73 476 430 bag 340 170 423 339
00022-13275-13360 Danny 173 63 268 434 Andrei 323 73 460 427 bag 199 168 267 333
00022-13840-13930 Danny 241 66 339 417 Andrei 455 73 552 431 chair 309 140 403 333
00022-14060-14160 Andrei 262 70 403 444 Danny 463 79 566 433 chair 439 155 562 358
00022-14380-14450 Andrei 203 62 306 424 Danny 363 75 483 421 chair 339 131 436 318
00022-14580-14680 Andrei 160 56 266 463 Danny 338 64 438 429 chair 194 126 292 308
00022-15310-15400 Andrei 277 72 403 440 Danny 460 72 564 443 bag 317 168 391 293
00022-15520-15600 Andrei 286 70 423 437 Danny 454 73 561 448 bag 471 169 537 272
00022-15750-15840 Andrei 181 58 276 430 Danny 358 72 498 438 bag 367 174 433 323
00022-15960-16040 Andrei 186 53 272 424 Danny 343 78 482 435 bag 200 150 273 285
00022-16460-16540 Andrei 259 67 355 450 Danny 454 74 559 452 chair 278 128 395 335
00022-16660-16755 Andrei 245 68 336 440 Danny 462 79 566 445 chair 443 120 562 319
00022-16880-16950 Andrei 184 56 274 430 Danny 340 74 465 435 chair 313 123 432 305
00022-17080-17200 Andrei 178 63 282 431 Danny 443 75 586 438 chair 227 106 327 297
00022-20770-20880 Danny 278 68 407 415 bag 317 179 397 333 chair 188 238 293 443
00022-21020-21130 Danny 340 70 429 469 bag 209 232 278 342 chair 181 243 291 452
00022-21450-21550 Danny 268 71 402 432 bag 291 171 369 340 chair 445 247 558 448
00022-21730-21830 Danny 233 65 347 422 bag 464 246 533 356 chair 448 246 550 433
00022-22180-22270 Danny 340 77 444 428 bag 378 172 442 273 chair 179 238 283 431
00022-22420-22510 Danny 353 82 490 429 bag 202 248 270 337 chair 178 238 285 428
00022-22750-22870 Danny 330 74 423 429 bag 321 163 390 312 chair 443 248 553 438
00022-23010-23130 Danny 262 80 392 426 bag 456 254 538 357 chair 447 250 549 436
00022-23980-24050 Andrei 209 66 307 425 Danny 381 79 515 445 bag 455 188 511 344
00022-24170-24250 Andrei 211 62 307 423 Danny 397 78 545 435 bag 225 147 298 314
00022-24470-24570 Danny 281 72 396 432 Andrei 450 72 553 440 bag 292 171 361 345
00022-24670-24760 Danny 208 74 355 427 Andrei 437 68 538 437 bag 437 150 525 321
00022-25150-25240 Andrei 181 64 280 424 Danny 382 79 504 449 chair 408 143 537 338
00022-25410-25490 Andrei 174 64 281 423 Danny 359 77 503 447 chair 180 117 287 319
00022-25770-25860 Danny 255 71 384 423 Andrei 457 71 557 433 chair 261 138 385 347
00022-26015-26115 Danny 287 71 386 425 Andrei 456 74 553 431 chair 446 146 563 346
00022-26530-26620 Andrei 154 58 254 418 Danny 374 70 500 448 bag 422 167 512 332
00022-26750-26830 Andrei 158 56 265 429 Danny 353 80 493 449 bag 177 178 253 292
00022-27010-27100 Danny 244 72 370 439 Andrei 449 72 554 437 bag 251 161 317 300
00022-27230-27310 Danny 244 74 374 429 Andrei 447 73 550 429 bag 464 160 535 293
00022-27750-27840 Andrei 169 62 272 423 Danny 353 87 481 442 chair 364 142 487 318
00022-27970-28060 Andrei 175 55 281 413 Danny 345 77 492 438 chair 190 116 292 302
00022-28340-28420 Danny 234 76 361 425 Andrei 444 74 546 433 chair 234 140 350 317
00022-28545-28630 Andrei 217 71 361 426 Danny 447 70 545 433 chair 431 135 541 334
00022-31600-31680 Andrei 262 65 344 426 chair 438 254 544 446 bag 455 251 516 358
00022-31790-31870 Andrei 286 80 423 425 chair 438 251 545 444 bag 341 218 400 333
00022-32100-32190 Andrei 332 78 439 418 chair 193 243 291 434 bag 333 194 394 305
00022-32300-32390 Andrei 301 72 438 418 chair 193 241 284 346 bag 217 242 282 342
00022-33200-33285 Andrei 278 73 418 426 chair 424 251 539 447 bag 349 225 420 387
00022-33380-33460 Andrei 273 81 410 424 chair 431 252 536 447 bag 444 235 522 350
00022-33640-33740 Andrei 385 78 468 423 chair 176 239 287 428 bag 203 227 270 338
00022-33870-33950 Andrei 316 79 437 410 chair 182 240 283 424 bag 283 200 366 353
00022-34840-34920 Andrei 278 72 415 417 Danny 475 77 568 430 bag 326 186 390  335
00022-35010-35090 Andrei 273 75 389 423 Danny 475 79 568 432 bag 469 171 542 329
00022-35370-35460 Danny 199 61 295 426  Andrei 389 80 486 427 bag 407 221 463 327
00022-35545-35630 Andrei 188 65 282 424 Danny 327 74 438 416 bag 217 178 276 338
00022-36215-36290 Andrei 279 73 371 430 Danny 460 79 551 435 chair 324 121 426 299
00022-36370-36460 Andrei 262 69 346 441 Danny 467 83 554 433 chair 418 129 523 319
00022-36590-36660 Danny 207 69 293 426 Andrei 333 73 455 419 chair 317 132 451 311
00022-36750-36850 Andrei 203 67 297 428 Danny 345 77 471 432 chair 231 127 345 307
00022-37140-37240 Andrei 264 67 344 420 Danny 462 77 555 440 bag 268 248 332 376
00022-37380-37460 Andrei 256 76 393 431 Danny 465 82 561 443 bag 464 199 537 351
00022-37800-37870 Danny 165 64 261 424 Andrei 324 76 453 427 bag 333 204 402 336
00022-37970-38060 Danny 165 62 256 417 Andrei 301 70 430 427 bag 197 170 264 293
00022-38490-38570 Andrei 345 79 434 420 Danny 462 74 571 437 chair 350 132 465 317
00022-38650-38740 Andrei 262 71 394 428 Danny 480 76 571 432 chair 423 135 536 332
00022-38930-39000 Andrei 174 63 266 422 Danny 319 79 440 430 chair 267 122 374 285
00022-39100-39190 Andrei 178 65 266 423 Danny 342 73 455 423 chair 209 129 305 305
00022-43390-43480 Andrei 350 76 477 426 chair 171 236 276 433 bag 194 225 261 390
00022-43700-43800 Andrei 237 65 356 424 chair 436 251 542 442 bag 274 279 351 419
00022-43920-44010 Andrei 222 67 357 416 chair 433 247 543 435 bag 454 243 526 345
00022-44450-44530 Andrei 316 80 432 416 chair 219 237 320 432 bag 301 276 370 402
00022-44730-44830 Andrei 323 78 456 428 chair 151 232 260 420 bag 175 231 245 330
00022-45030-45120 Andrei 223 65 363 417 chair 412 246 521 445 bag 264 276 338 405
00022-45250-45330 Andrei 216 67 333 418 chair 419 243 523 439 bag 444 249 507 341
00022-46410-46500 Danny 175 64 261 419 Andrei 348 72 473 423 bag 338 268 415 417
00022-46600-46690 Danny 191 62 278 418 Andrei 366 73 486 429 bag 209 152 276 296
00022-46820-46865 Andrei 320 80 441 428 Danny 460 78 556 429 bag 372 237 433 385
00022-47640-47730 Andrei 252 68 362 416 Danny 461 77 557 437 bag 448 188 520 349
00022-48120-48210 Danny 188 65 274 418 Andrei 374 74 493 426 chair 427 147 531 354
00022-48310-48390 Danny 191 62 284 423 Andrei 372 82 495 427 chair 183 137 300 324
00022-48540-48620 Andrei 240 83 348 412 Danny 469 76 562 429 chair 215 121 349 292
00022-48720-48820 Andrei 307 70 382 410 Danny 469 78 554 431 chair 425 133 539 321
00022-49150-49240 Danny 188 61 269 417 Andrei 352 77 472 426 bag 393 225 463 362
00022-49350-49440 Danny 184 65 268 427 Andrei 349 72 456 431 bag 211 135 269 255
00022-49550-49640 Andrei 251 72 377 423 Danny 476 78 564 435 bag 265 191 334 323
00022-49790-49870 Andrei 243 68 382 425 Danny 459 78 570 432 bag 461 172 537 312
00022-50360-50470 Danny 179 67 260 424 Andrei 323 72 430 413 chair 351 127 463 311
00022-50575-50680 Danny 174 60 264 428 Andrei 331 77 422 413 chair 217 118 311 284 
00022-50900-50990 Andrei 233 83 347 433 Danny 464 77 556 430 chair 188 139 319 336
00022-51090-51180 Andrei 223 68 352 410 Danny 460 70 560 430 chair 427 131 520 306
00022-55060-55140 Danny 266 81 402 429 chair 445 250 554 443 telescope 318 192 401 235
00022-55360-55440 Danny 240 70 341 426 chair 444 248 565 443 telescope 465 312 551 350
00022-55780-55850 Danny 392 78 488 433 chair 160 234 280 425 telescope 358 212 449 243
00022-56050-56120 Danny 310 71 460 429 chair 153 232 276 425 telescope 170 301 263 329
00022-56780-56860 Danny 255 63 365 427 Andrei 437 77 539 439 telescope 301 182 393 223
00022-56960-57040 Danny 242 65 352 432 Andrei 421 72 543 435 telescope 431 195 543 236
00022-57270-57370 Andrei 185 59 292 418 Danny 352 71 471 421 telescope 339 188 437 220 
00022-57500-57600 Andrei 183 61 296 417 Danny 344 76 477 425 telescope 210 187 298 226
00022-9570-9660 Danny 274 72 408 437 bag 338 181 403 284 chair 442 261 556 449
00022-9780-9862 Danny 264 64 345 438 bag 451 248 532 354 chair 443 258 555 450
00023-10260-10340 Andrei 349 67 444 421 chair 204 238 316 429 telescope 346 243 442 293
00023-10610-10690 Andrei 370 78 503 434 chair 200 238 312 430 telescope 205 297 304 333
00023-10890-10980 Andrei 284 67 401 421 chair 425 241 539 439 telescope 285 235 368 309
00023-11120-11200 Andrei 200 65 341 417 chair 416 249 534 436 telescope 433 311 526 342
00023-11620-11700 Danny 175 63 280 422 Andrei 364 77 491 431 telescope 399 251 492 296
00023-11790-11890 Danny 181 62 281 420 Andrei 352 70 440 422 telescope 200 197 306 229
00023-1200-1290  Danny 349 77 488 431 chair 185 243 292 428 telescope 382 208 473 248
00023-12040-12120 Andrei 238 69 382 483 Danny 450 75 567 433 telescope 260 251 366 296
00023-12240-12340 Andrei 243 73 375 418 Danny 457 79 563 437 telescope 453 202 554 237
00023-1430-1530 Danny 395 85 529 424 chair 181 242 292 425 telescope 193 303 288 332
00023-1805-1900 Danny 263 74 401 423 chair 455 254 564 441 telescope 260 196 352 234
00023-2060-2150 Danny 237 74 379 423 chair 451 250 569 439 telescope 466 319 556 348
00023-31010-31080 Danny 192 61 280 426 Andrei 399 77 506 418 bag 384 268 448 413
00023-31240-31310 Danny 185 58 289 423 Andrei 409 74 538 422 bag 207 232 297 378
00023-31470-31540 Andrei 207 64 300 414 Danny 468 72 563 433 bag 191 247 263 392
00023-31720-31780 Andrei 172 66 291 420 Danny 459 77 571 441 bag 458 230 530 385
00023-32140-32230 Danny 188 61 274 423 Andrei 404 79 500 416 chair 406 252 523 452
00023-32330-32380 Danny 189 66 292 422 Andrei 416 74 533 434 chair 143 242 256 449
00023-32580-32640 Andrei 202 80 318 415 Danny 465 77 561 435 chair 147 238 278 448
00023-32750-32850 Andrei 195 71 305 414 Danny 460 73 554 425 chair 414 257 537 452
00023-33285-33360 Danny 183 62 267 419 Andrei 408 74 532 433 bag 372 263 457 392
00023-33510-33570 Danny 188 63 294 427 Andrei 432 70 537 434 bag 160 213 244 353
00023-3360-3470 Andrei 169 64 268 424 Danny 290 72 426 430 telescope 325 192 427 218
00023-33730-33790 Andrei 202 58 307 421 Danny 479 74 572 432 bag 206 245 286 373
00023-33960-34020 Andrei 190 66 301 421 Danny 456 78 565 432 bag 442 225 512 351
00023-34370-34440 Danny 185 57 281 421 Andrei 418 86 522 421 chair 403 248 507 445
00023-34560-34610 Danny 164 65 294 417 Andrei 405 75 520 427 chair 124 248 254 449
00023-34870-34920 Andrei 157 77 274 418 Danny 455 73 562 435 chair 130 248 251 447
00023-35090-35160 Andrei 146 66 274 416 Danny 423 75 547 424 chair 391 247 509 447
00023-3590-3690 Andrei 162 59 272 422 Danny 337 70 436 441 telescope 168 178 266 216
00023-35940-36010 Danny 203 59 280 429 Andrei 414 75 520 420 bag 431 195 508 336
00023-36130-36190 Danny 200 61 297 422 Andrei 395 77 508 421 bag 211 224 288 351
00023-36340-36390 Andrei 195 71 309 421 Danny 467 77 564 437 bag 219 201 300 319
00023-36530-36590 Andrei 180 59 297 418 Danny 466 73 564 432 bag 462 224 532 379
00023-38060-38130 Danny 180 62 274 419 Andrei 406 146 520 421 chair 416 250 527 446
00023-38270-38310 Danny 191 65 294 413 Andrei 411 72 508 418 chair 170 160 301 359
00023-38480-38540 Danny 459 76 563 431 Andrei 169 117 289 418 chair 184 222 294 416
00023-3860-3950 Danny 250 72 378 423 Andrei 438 80 555 425 telescope 253 185 333 225
00023-38640-38690 Andrei 150 60 272 418 Danny 455 74 568 437 chair 427 157 553 372
00023-39050-39120 Danny 204 57 289 426 Andrei 432 81 534 419 bag 438 179 508 302
00023-39260-39310 Danny 201 64 288 419 Andrei 412 75 522 427 bag 209 260 282 383
00023-39410-39480 Danny 468 74 545 432 Andrei 201 113 300 419 bag 224 275 301 381
00023-39640-39680 Danny 458 78 568 433 Andrei 161 67 283 420 bag 454 262 530 386
00023-40040-40100 Danny 194 63 272 426 Andrei 408 99 523 412 chair 428 212 535 403
00023-40310-40380 Danny 161 73 266 424 Andrei 394 77 500 420 chair 161 236 269 446
00023-40590-40640 Danny 474 76 560 430 Andrei 171 66 277 406 chair 175 127 286 319
00023-4060-4160 Danny 283 71 388 426 Andrei 441 75 555 428 telescope 436 187 544 232
00023-40800-40870 Danny 452 96 556 431 Andrei 167 61 276 408 chair 423 201 541 410
00023-41380-41440 Danny 212 62 299 420 Andrei 426 110 522 418 bag 436 309 499 411
00023-42270-42370 Danny 186 77 267 422 Andrei 405 73 527 417 bag 200 274 264 393
00023-42580-42620 Danny 482 81 563 427 Andrei 180 115 279 423 bag 192 309 257 418
00023-42820-42870 Danny 484 88 569 438 Andrei 162 63 285 418 bag 489 312 561 425
00023-43175-43220 Danny 188 56 287 423 Andrei 405 108 526 420 chair 414 230 525 420
00023-43430-43490 Danny 184 66 280 421 Andrei 395 77 503 414 chair 175 222 292 442
00023-43620-43670 Danny 489 76 578 435 Andrei 181 115 292 426 chair 180 235 288 442 
00023-43770-43830 Danny 471 77 583 431 Andrei 174 64 281 411 chair 455 213 574 429
00023-44270-44320 Danny 187 55 283 424 Andrei 438 94 544 424 bag 467 268 552 378
00023-44460-44510 Danny 184 76 276 430 Andrei 410 80 527 422 bag 194 312 276 435
00023-44660-44710 Danny 452 71 563 434 Andrei 189 85 293 409 bag 197 228 283 348
00023-44860-44900 Danny 460 81 554 437 Andrei 150 67 276 414 bag 465 309 543 432
00023-45310-45390 Danny 183 53 277 424 Andrei 424 141 525 418 chair 426 225 534 432
00023-45580-45690 Danny 177 56 284 423 Andrei 376 70 487 412 chair 169 207 289 424
00023-45870-45970 Danny 492 77 585 438  Andrei 175 74 285 419 chair 178 198 280 405
00023-46090-46160 Danny 454 107 568 427 Andrei 143 57 272 418 chair 428 243 541 445 
00023-46900-46950 Danny 215 56 309 440 Andrei 442 68 559 422 bag 470 175 546 281
00023-47240-47285 Danny 178 57 279 417 Andrei 404 70 511 425 chair 209 173 287 319
00023-47420-47480 Danny 484 72 572 433 Andrei 197 58 313 420 bag 219 155 298 270
00023-47600-47650 Danny 465 71 572 434 Andrei 194 50 309 425 bag 459 170 537 339
00023-48230-48265 Danny 168 55 269 424 Andrei 408 70 514 422 chair 403 147 532 355
00023-48390-48450 Danny 168 49 267 432 Andrei 415 67 529 425 chair 220 131 330 324
00023-48580-48610 Danny 459 72 557 436 Andrei 190 57 307 409 chair 191 115 302 310
00023-48690-48750 Danny 460 72 566 440 Andrei 189 57 301 415 chair 403 134 528 329
00023-49080-49140 Danny 196 59 288 438 Andrei 450 69 554 433 bag 477 136 549 264
00023-49220-49260 Danny 184 56 280 427 Andrei 443 72 560 432 bag 230 161 304 279
00023-49400-49450 Danny 478 73 575 440 Andrei 180 54 299 411 bag 199 157 279 267
00023-49530-49575 Danny 466 70 560 431 Andrei 181 59 289 412 bag 464 159 535 283
00023-49910-49960 Danny 173 52 267 423 Andrei 436 68 535 427 chair 449 112 563 321
00023-50100-50140 Danny 155 49 262 416 Andrei 415 69 525 419 chair 185 134 298 307
00023-50290-50340 Andrei 187 66 281 405 chair 169 120 273 291 Danny 478 80 562 427
00023-50440-50500 Danny 484 80 570 432 Andrei 169 62 279 410 chair 424 121 530 310
00023-6070-6150 Andrei 314 73 431 431 chair 432 247 550 441 telescope 332 246 431 305 
00023-6290-6370 Andrei 208 77 359 416 chair 430 249 550 442 telescope 441 315 539 345 
00023-6660-6750 Andrei 368 72 461 418 chair 182 231 287 426 telescope 366 244 464 303 
00023-6890-6970 Andrei 334 71 454 415 chair 179 236 286 423 telescope 188 298 279 329
00023-7310-7390 Andrei 258 68 389 419 Danny 451 73 566 431 telescope 257 235 352 306
00023-7510-7590 Andrei 265 78 389 423 Danny 446 78 554 435 telescope 442 194 551 236
00023-7900-7980 Danny 148 64 249 422 Andrei 332 72 460 424 telescope 345 266 452 290
00023-8070-8160 Danny 152 55 258 426 Andrei 349 68 455 423 telescope 166 178 274 233
00024-10070-10120 Danny 192 72 321 427 Andrei 482 69 568 433 chair 204 184 311 392
00024-1020-1120 Danny 463 70 569 424 Andrei 179 59 283 425 bag 468 219 544 337
00024-10270-10320 Danny 170 60 265 415 Andrei 452 75 586 440 chair 441 156 561 341
00024-10800-10870 Danny 482 81 574 431 Andrei 199 67 309 417 bag 482 281 547 415
00024-11040-11100 Danny 466 82 572 432 Andrei 189 63 296 415 bag 206 203 282 351
00024-11250-11330 Danny 199 59 288 418 Andrei 462 73 560 432 bag 211 194 283 334
00024-11500-11570 Danny 167 64 263 419 Andrei 472 79 567 427 bag 468 289 546 424 
00024-11980-12070 Danny 451 79 570 433 Andrei 190 63 314 432 chair 453 177 575 390
00024-12280-12350 Danny 482 81 578 465 Andrei 204 70 299 423 chair 195 200 301 420
00024-12485-12550 Danny 210 87 332 448 Andrei 465 77 562 437 chair 215 236 325 435
00024-12690-12760 Danny 215 62 301 422 Andrei 470 102 563 469 chair 455 252 571 471
00024-1340-1430 Danny 480 75 581 431 Andrei 177 61 278 420 bag 250 241 343 363
00024-13920-14020 Danny 467 73 569 446 Andrei 202 73 299 419 bag 476 210 553 346
00024-14150-14220 Danny 494 78 588 446 Andrei 181 63 292 414 bag 203 215 283 329
00024-14380-14440 Danny 206 98 283 434 Andrei 472 76 569 437 bag 205 308 278 436
00024-14620-14680 Danny 155 63 256 435 Andrei 471 105 566 456 bag 471 343 551 453
00024-15020-15080 Danny 459 125 558 439 Andrei 193 64 289 434 chair 452 252 562 457
00024-15220-15280 Danny 472 81 586 431 Andrei 199 101 292 421 chair 189 246 297 453
00024-15430-15500 Danny 192 137 288 432 Andrei 460 75 562 449 chair 190 250 297 460
00024-15640-15720 Danny 150 67 247 431 Andrei 466 94 552 448 chair 452 255 559 467
00024-16145-16190 Danny 456 75 558 442 Andrei 209 64 297 425 bag 483 180 548 337
00024-16310-16380 Danny 464 77 564 438 Andrei 203 64 301 428 bag 215 154 288 311
00024-16510-16580 Danny 189 68 289 424 Andrei 464 80 566 445 bag 204 169 271 321
00024-16700-16770 Danny 170 66 272 421 Andrei 464 76 567 445 bag 473 183 549 326
00024-1700-1790 Danny 191 58 295 431 Andrei 485 66 594 441 bag 171 220 255 341
00024-17190-17300 Danny 457 76 572 438 Andrei 210 62 298 434 chair 429 148 553 332
00024-17420-17485 Danny 465 82 578 433 Andrei 204 64 314 421 chair 213 139 323 318
00024-17650-17720 Danny 190 70 303 420 Andrei 470 75 571 440 chair 191 135 302 332
00024-17830-17880 Danny 173 60 269 418 Andrei 475 74 587 444 chair 481 152 595 333
00024-18190-18250 Danny 471 74 571 431 Andrei 201 59 305 431 bag 484 186 554 335
00024-18390-18420 Danny 472 77 573 429 Andrei 201 65 299 427 bag 220 147 288 292
00024-18560-18620 Danny 192 62 296 421 Andrei 461 74 564 441 bag 207 181 278 319
00024-18730-18800 Danny 167 53 262 434 Andrei 462 73 573 437 bag 481 157 547 297
00024-19130-19160 Danny 449 70 557 440 Andrei 208 62 299 421 chair 449 155 564 343
00024-19270-19320 Danny 464 77 574 441 Andrei 204 61 312 421 chair 209 127 314 332
00024-19450-19500 Danny 209 64 312 421 Andrei 458 73 555 435 chair 204 129 302 328
00024-19620-19690 Danny 184 65 285 431 Andrei 459 75 565 435 chair 460 149 572 347               
00024-20770-20860 Danny 183 61 272 434 Andrei 418 43 566 452 telescope 414 207 530 253
00024-21280-21350 Danny 160 63 267 420 Andrei 458 75 558 435 telescope 160 203 266 242
00024-21590-21650 Danny 485 76 573 441 Andrei 225 60 325 438 telescope 249 230 349 270
00024-21750-21800 Danny 480 77 574 437 Andrei 224 60 324 432 telescope 442 218 537 264
00024-2390-2460 Danny 177 60 280 424 Andrei 431 69 527 427 bag 391 247 464 377
00024-24790-24880 Danny 178 60 260 427 Andrei 458 244 549 444 telescope 437 418 538 455
00024-25060-25140 Danny 180 201 276 439 Andrei 448 72 544 442 telescope 167 405 266 439
00024-25370-25470 Danny 473 74 565 439 Andrei 214 202 310 446 telescope 191 414 298 447
00024-25715-25790 Danny 476 206 568 425 Andrei 204 57 302 431 telescope 480 388 576 424
00024-26500-26610 Danny 197 62 265 422 Andrei 455 75 551 434 telescope 437 262 541 292
00024-26810-26900 Danny 163 187 264 423 Andrei 457 71 551 430 telescope 161 383 264 416 
00024-27100-27190 Danny 472 79 571 432 Andrei 218 169 312 439 telescope 184 375 292 409
00024-27390-27490 Danny 465 219 567 447 Andrei 211 65 317 412 telescope 462 405 559 442
00024-28100-28175 Danny 200 64 272 430 Andrei 463 70 558 439 telescope 473 203 565 232
00024-2810-2910 Danny 450 77 563 432 Andrei 215 61 323 428 chair 416 254 541 463
00024-28620-28680 Danny 174 60 277 424 Andrei 456 73 558 440 telescope 187 206 291 242
00024-28830-28910 Danny 494 76 572 433 Andrei 215 62 324 432 telescope 209 210 312 239
00024-29010-29080 Danny 493 78 591 433 Andrei 209 58 309 431 telescope 479 225 576 257
00024-29750-29810 Danny 452 81 564 442 Andrei 179 66 264 432 telescope 454 234 546 271
00024-29940-30000 Danny 472 74 584 433 Andrei 187 63 276 425 telescope 206 227 312 259
00024-3010-3090 Danny 494 79 594 432 Andrei 229 57 331 426 chair 262 253 376 455
00024-30150-30250 Danny 117 58 260 437 Andrei 461 72 560 444 telescope 100 220 202 257
00024-30840-30920 Danny 158 66 251 426 Andrei 456 79 454 436 telescope 433 204 537 341
00024-32610-32680 Danny 463 222 563 439 Andrei 212 67 286 460 telescope 457 413 566 451
00024-32920-33010 Danny 491 79 585 441 Andrei 191 184 289 418 telescope 181 401 279 430
00024-33230-33310 Danny 190 207 285 436 Andrei 478 83 581 437 telescope 187 399 296 433
00024-33630-33685 Danny 188 67 287 427 Andrei 454 229 559 454 telescope 483 424 585 462
00024-3380-3450 Danny 164 70 274 419 Andrei 435 66 545 429 chair 132 244 252 450
00024-34400-34490 Danny 460 218 557 452 Andrei 203 60 290 432 telescope 457 411 553 459
00024-34630-34690 Danny 469 79 576 429 Andrei 198 194 322 430 telescope 196 395 296 438
00024-34830-34920 Danny 188 196 288 433 Andrei 455 74 562 437 telescope 184 397 290 428
00024-35060-35140 Danny 162 61 253 429 Andrei 444 221 542 457 telescope 466 422 569 455
00024-35530-25590 Danny 474 78 575 435 Andrei 201 63 300 421 telescope 487 214 590 239
00024-35710-35765 Danny 472 79 589 434 Andrei 203 64 309 416 telescope 202 205 305 243
00024-35900-35970 Danny 189 63 295 426 Andrei 451 72 548 443 telescope 204 193 296 230
00024-3600-3660 Danny 156 55 260 417 Andrei 432 71 516 426 chair 384 245 497 460
00024-36080-36160 Danny 167 60 267 432 Andrei 450 74 560 446 telescope 446 213 546 246
00024-3990-4070 Danny 442 75 541 428 Andrei 191 53 292 429 bag 442 225 517 344
00024-4210-4260 Danny 468 71 567 438 Andrei 186 62 329 427 bag 290 220 383 345
00024-4410-4470 Danny 151 52 281 418 Andrei 445 64 559 439 bag 119 205 205 319
00024-4600-4650 Danny 151 59 267 421 Andrei 448 66 544 436 bag 418 245 489 371
00024-5020-5090 Danny 187 65 282 424 Andrei 439 78 568 444 chair 404 252 521 448
00024-5240-5300 Danny 190 66 289 419 Andrei 477 76 567 427 chair 234 253 334 451
00024-5450-5510 Danny 197 71 302 430 Andrei 463 76 562 441 chair 225 252 326 451 
00024-5640-5690 Danny 176 63 272 417 Andrei 427 82 562 440 chair 354 252 454 447
00024-6130-6190 Danny 208 64 297 422 Andrei 476 78 578 435 bag 502 216 576 357
00024-6320-6370 Danny 209 74 294 423 Andrei 488 77 573 432 bag 200 293 268 412
00024-6600-6670 Danny 211 71 292 419 Andrei 482 78 575 445 bag 213 256 277 370
00024-6800-6900 Danny 180 65 270 423 Andrei 481 124 561 444 bag 494 348 567 452
00024-7350-7420 Danny 195 63 278 413 Andrei 472 79 581 436 chair 446 164 572 350
00024-7760-7840 Danny 183 89 294 432 Andrei 488 79 585 439 chair 190 256 316 451
00024-7990-8050 Danny 182 68 293 415 Andrei 460 78 565 442 chair 176 192 297 407
00024-8160-8220 Danny 450 84 562 437 Andrei 188 66 292 425 chair 433 197 545 403
00024-8630-8690 Danny 479 108 565 429 Andrei 202 65 297 415 bag 479 303 546 436
00024-8830-8880 Danny 487 82 589 440 Andrei 215 84 303 422 bag 220 310 283 437
00024-9040-9110 Danny 217 96 289 446 Andrei 469 79 562 440 bag 197 317 294 437
00024-9250-9300 Danny 188 64 284 432 Andrei 477 84 571 442 bag 502 289 569 403
00024-9660-9730 Danny 439 74 554 430 Andrei 217 65 312 430 chair 436 219 545 425
00024-9860-9920 Danny 456 82 564 430 Andrei 196 66 331 424 chair 217 191 316 392
00027-11410-11540 Danny 225 63 318 417 Andrei 451 73 546 413 chair 262 135 365 327 bag 471 155 535 283
00027-11780-11860 Danny 214 61 314 406 Andrei 440 58 531 408 chair 450 116 554 314 bag 261 145 325 269
00027-12250-12340 Danny 216 58 316 421 Andrei 441 65 543 418 chair 266 144 368 335 bag 463 163 526 307
00027-12570-12700 Danny 225 62 314 417 Andrei 448 70 554 414 chair 448 169 556 361 bag 241 150 315 277
00027-15230-15360 Danny 232 55 329 422 Andrei 446 67 546 410 chair 450 126 554 315 bag 258 145 331 275
00027-15640-15740 Danny 201 57 310 421 Andrei 449 65 550 413 chair 241 118 353 291 bag 473 165 531 305
00027-16170-16300 Danny 216 62 319 414 Andrei 457 68 559 420 chair 463 137 568 326 bag 258 151 335 299
00027-16570-16670 Danny 208 63 313 426 Andrei 445 68 540 419 chair 250 134 359 326 bag 464 138 536 276 
00027-19150-19210 Danny 213 67 344 435 Andrei 461 69 560 412 chair 269 244 375 441 bag 444 254 511 406
00027-19350-19440 Danny 200 54 308 421 Andrei 462 69 554 416 chair 408 245 523 443 bag 209 185 283 316
00027-19720-19830 Danny 214 63 311 425 Andrei 457 70 552 415 chair 227 240 326 439 bag 481 251 562 355
00027-19970-20060 Danny 190 61 300 428 Andrei 458 86 562 418 chair 474 249 592 438 bag 197 230 260 383
00027-22130-22240 Danny 212 59 316 418 Andrei 446 90 533 414 chair 475 244 588 442 bag 242 234 309 387
00027-22480-22600 Danny 179 59 316 434 Andrei 454 71 546 406 chair 161 239 273 437 bag 487 234 555 361
00027-22940-23060 Danny 228 59 333 414 Andrei 436 74 550 427 chair 471 252 582 446 bag 246 221 318 355  
00027-23220-23290 Danny 197 64 308 421 Andrei 442 67 538 420 chair 170 242 282 435 bag 475 247 546 382
00027-25060-25240 Danny 238 63 349 418 Andrei 442 61 550 401 chair 252 246 359 437 bag 489 262 557 367
00027-25450-25540 Danny 212 62 323 416 Andrei 444 76 537 412 chair 452 246 559 433 bag 216 242 273 373
00027-26110-26180 Danny 202 63 303 403 Andrei 454 64 544 416 chair 209 246 320 445 bag 465 243 549 362
00027-26340-26430 Danny 217 64 321 414 Andrei 455 72 544 411 chair 429 246 533 447 bag 219 235 287 361
00027-29110-29180 Danny 204 57 326 408 Andrei 400 79 501 411 chair 386 238 486 426 bag 185 213 250 348
00027-29360-29440 Danny 212 65 328 420 Andrei 412 67 508 416 chair 157 239 275 447 bag 452 243 515 361
00027-29660-29760 Andrei 411 90 521 404 Danny 221 64 319 419 bag 256 204 303 355 chair 447 249 557 436
00027-29930-30060 Danny 191 58 326 411 Andrei 416 66 510 402 chair 131 243 244 437 bag 441 246 516 384 
00027-33050-33160 Andrei 430 78 522 416 Danny 209 62 311 424 chair 189 155 297 370 bag 445 213 515 370
00027-33300-33360 Danny 191 81 296 415 Andrei 436 75 553 416 chair 437 170 554 371 bag 199 273 259 411
00027-33650-33750 Danny 177 72 301 416 Andrei 437 116 527 414 chair 173 214 279 433 bag 445 279 513 391
00027-33900-34020 Danny 179 96 282 420 Andrei 424 151 533 414 chair 442 229 545 420 bag 175 300 247 424
00027-36130-36230 Danny 210 99 299 410 Andrei 429 97 544 411 chair 440 205 548 399 bag 197 321 298 438
00027-36390-36480 Danny 195 77 300 413 Andrei 434 131 524 416 chair 187 192 307 412 bag 450 312 517 422
00027-36950-37030 Danny 196 97 290 417 Andrei 422 114 532 429 chair 426 227 537 438 bag 197 287 265 406
00027-37230-37370 Danny 178 61 277 418 Andrei 415 74 516 416 chair 168 243 285 437 bag 434 315 519 419
00027-3880-4040 Danny 203 62 298 420 Andrei 446 63 541 412 chair 249 144 359 319 bag 462 150 535 268
00027-39440-39540 Danny 200 101 301 414 Andrei 448 116 533 412 chair 192 209 302 418 bag 459 284 527 403
00027-39710-39820 Danny 216 70 313 423 Andrei 421 84 532 406 chair 431 150 540 343 bag 223 242 291 361
00027-40150-40240 Andrei 434 113 531 414 Danny 212 76 313 416 chair 225 206 329 404 bag 453 288 521 399
00027-40570-40680 Andrei 422 86 530 409 Danny 214 84 315 414 chair 425 187 534 383 bag 220 279 282 386
00027-4250-4340 Danny 215 60 301 414 Andrei 440 61 544 415 chair 451 133 560 322 bag 235 137 300 298
00027-4630-4740 Danny 198 63 308 418 Andrei 433 61 541 414 chair 242 135 344 326 bag 452 148 523 299 
00027-4980-5060 Danny 205 59 312 419 Andrei 436 62 533 421 chair 442 118 547 311 bag 239 141 314 300
00027-7580-7700 Danny 207 64 301 422 Andrei 446 61 546 411 chair 444 138 555 323 bag 236 144 298 304
00027-7910-8010 Danny 218 62 320 418 Andrei 450 68 540 409 chair 237 144 345 337 bag 471 142 533 305
00027-8280-8350 Danny 212 62 315 414 Andrei 440 62 549 425 chair 446 135 561 314 bag 256 146 322 267
00027-8640-8760 Danny 219 60 334 423 Andrei 455 64 542 411 chair 250 144 358 336 bag 471 122 534 256
00028-10280-10350 Danny 226 96 336 419 Andrei 432 126 519 406 chair 240 222 336 416 bag 442 302 505 408
00028-1040-1140 Danny 218 66 313 422 Andrei 409 77 519 405 chair 433 151 530 337 bag 225 190 289 303
00028-10500-10570 Danny 213 98 303 426 Andrei 425 101 515 415 chair 422 232 534 426 bag 226 302 300 422
00028-11020-11090 Danny 211 101 301 423 Andrei 433 123 519 408 chair 227 238 326 436 bag 445 309 508 407
00028-11270-11350 Danny 200 81 290 414 Andrei 429 96 522 411 chair 432 243 533 423 bag 222 316 280 420
00028-1340-1430 Danny 189 76 299 411 Andrei 436 136 540 413 chair 179 222 296 433 bag 466 288 529 399
00028-13410-13530 Danny 211 58 317 422 Andrei 425 90 525 398 chair 440 194 533 384 bag 241 243 305 379
00028-13650-13740 Danny 207 89 325 418 Andrei 439 115 521 414 chair 239 219 337 420 bag 453 299 517 409
00028-15480-15580 Danny 224 62 308 413 Andrei 420 69 519 389 chair 431 174 532 349 bag 250 206 308 361
00028-15730-15850 Danny 204 81 297 412 Andrei 439 111 523 400 chair 214 234 314 429 bag 456 308 510 414
00028-1810-1920 Danny 207 88 300 412 Andrei 416 79 526 395 chair 427 191 529 363 bag 198 291 270 412
00028-2170-2280 Danny 205 70 302 410 Andrei 422 127 521 409 chair 193 200 290 397 bag 466 314 530 413
00028-24820-24930 Danny 389 66 524 421 chair 475 159 568 369 bag 375 197 437 352 telescope 255 380 349 421
00028-25220-25260 Danny 254 60 406 426 chair 437 249 553 437 bag 232 221 297 382 telescope 347 202 430 229
00028-25710-25730 Danny 241 65 329 429 chair 444 252 551 444 bag 257 185 323 349 telescope 337 386 432 420
00028-25920-25990 Danny 339 64 497 429 chair 430 129 543 333 bag 243 321 314 452 telescope 311 209 416 249
00028-26540-26620 Danny 406 68 505 421 chair 439 151 555 355 bag 241 311 319 438 telescope 322 396 416 424
00028-26850-26890 Danny 255 66 390 429 chair 431 249 536 422 bag 239 201 311 367 telescope 339 198 427 231
00028-28610-28660 Danny 264 63 405 426 chair 216 148 318 360 bag 418 312 528 430 telescope 351 213 437 236
00028-28850-28930 Danny 318 70 427 433 chair 215 245 312 425 bag 417 311 520 437 telescope 323 201 416 328
00028-32570-32670 Danny 403 68 493 421 chair 248 235 345 421 bag 263 240 321 331 telescope 419 187 508 223 
00028-32800-32890 Danny 242 69 376 403 chair 183 239 281 415 bag 197 245 263 332 telescope 417 348 515 418
00028-33600-33650 Danny 332 67 430 408 chair 232 237 333 417 bag 318 239 380 351 telescope 306 202 396 235
00028-34070-34110 Danny 383 68 478 411 chair 230 232 333 415 bag 381 225 444 359 telescope 427 381 520 418
00028-34430-34540 Danny 286 66 408 396 chair 309 239 415 416 bag 469 315 531 413 telescope 323 297 403 321
00028-34830-34900 Danny 386 70 482 407 chair 258 238 368 426 telescope 393 191 486 239 bag 396 228 473 337
00028-35120-35200 Danny 240 63 350 401 chair 190 242 304 430 telescope 374 381 478 410 bag 465 316 529 421
00028-35400-35470 Danny 389 66 514 402 chair 221 234 337 430 bag 357 217 427 350 telescope 361 199 473 232
00028-35810-35890 Danny 254 61 391 396 chair 288 239 401 425 bag 312 249 388 337 telescope 434 375 529 413
00028-36080-36160 Danny 262 66 356 398 chair 224 240 326 427 bag 383 313 447 418 telescope 441 375 530 412
00028-36420-36500 Danny 426 71 522 412 chair 234 239 338 431 telescope 449 195 529 250 bag 452 239 523 376
00028-36710-36780 Danny 296 66 390 422 chair 296 238 397 427 bag 464 312 529 423 telescope 301 267 399 302
00028-37040-37130 Danny 367 191 457 420 chair 239 239 360 426 bag 455 315 525 419 telescope 358 367 456 409
00028-37360-37440 Danny 273 76 387 412 chair 251 199 360 401 bag 272 211 340 308 telescope 406 395 506 426
00028-37750-37820 Danny 399 74 509 412 chair 254 231 353 426 bag 435 251 496 397 telescope 424 222 516 262
00028-37990-38070 Danny 402 69 523 412 chair 253 239 355 427 bag 463 205 532 317 telescope 345 389 438 423
00028-38250-38330 Danny 245 62 365 407 chair 263 143 377 314 bag 457 325  532 428 telescope 265 164 359 192
00028-38510-38580 Danny 454 75 557 410 chair 255 237 361 430 bag 476 191 537 328 telescope 472 166 555 204
00028-38870-38960 Danny 245 63 368 401 bag 451 312 523 427 chair 252 148 354 335 telescope 361 385 469 417 
00028-39160-39240 Danny 411 72 535 412 bag 452 210 513 326 chair 234 238 340 435 telescope 450 183 538 221
00028-39400-39470 Danny 242 71 365 406 bag 256 147 320 237 chair 247 144 348 324 telescope 435 380 530 416
00028-39650-39720 Danny 230 62 334 410 bag 352 324 438 425 chair 239 162 357 375 telescope 435 377 527 417
00028-39990-40070 Danny 392 62 523 422 bag 454 181 519 287 chair 241 241 345 429 telescope 437 146 525 181
00028-40230-40320 Danny 236 73 352 408 bag 428 321 503 428 chair 242 181 346 368 telescope 250 209 352 240
00028-41090-41150 Andrei 357 63 450 400 bag 427 324 503 430 chair 240 238 347 434 telescope 371 188 454 218 
00028-41360-41420 Andrei 253 58 362 402 bag 268 133 334 224 chair 255 136 352 312 telescope 417 380 511 420
00028-4160-4250 Danny 231 68 339 422 Andrei 428 74 524 403 chair 241 195 352 387 bag 451 214 514 314
00028-41630-41720 Andrei 381 66 475 416 bag 395 223 455 323 chair 236 240 344 423 telescope 381 194 471 220
00028-41890-41960 Andrei 413 62 509 404 bag 436 180 493 291 chair 233 237 341 422 telescope 330 383 426 414
00028-42130-42170 Andrei 268 63 377 402 chair 271 133 377 317 telescope 271 162 369 195 bag 413 309 509 412
00028-42310-42390 Andrei 411 65 509 413 bag 430 206 496 318 chair 247 240 350 426 telescope 411 171 508 208
00028-42570-42620 Andrei 273 68 375 405 chair 265 145 368 342 telescope 365 382 452 415 bag 446 311 505 422
00028-42750-42790 Andrei 418 68 516 402 bag 433 238 503 337 chair 251 236 358 422 telescope 420 200 498 239
00028-43180-43210 Andrei 252 70 355 399 bag 279 157 344 250 chair 259 155 362 331 telescope 371 381 461 410
00028-4410-4480 Danny 222 69 315 411 Andrei 422 78 530 405 chair 429 172 534 357 bag 252 240 308 385
00028-4720-4890 Danny 209 67 308 409 Andrei 431 69 526 409 chair 240 155 336 345 bag 445 190 509 293
00028-5090-5150 Danny 206 109 291 417 Andrei 423 126 520 395 chair 429 246 534 425 bag 235 323 296 427
00028-7040-7120 Danny 208 87 295 427 Andrei 429 84 533 404 chair 438 216 550 407 bag 224 307 292 429
00028-7320-7400 Danny 208 68 295 415 Andrei 434 87 529 418 chair 203 217 321 429 bag 452 290 519 400
00028-7650-7760 Danny 209 60 300 412 Andrei 424 74 532 409 chair 438 171 538 361 bag 226 211 293 322 
00028-7930-8000 Danny 201 72 303 411 Andrei 433 116 524 408 chair 182 242 296 436 bag 449 297 507 413 
00029-1140-1210 Andrei 365 65 449 388 bag 448 307 523 408 chair 267 230 362 409 telescope 375 179 469 214
00029-1390-1430 Andrei 255 75 350 384 chair 235 228 334 416 bag 257 230 323 332 telescope 356 374 453 405 
00029-1690-1740 Andrei 368 73 467 399 bag 396 236 468 343 chair 237 229 345 413 telescope 389 215 478 240
00029-1940-2010 Andrei 344 80 461 402 bag 343 216 406 331 chair 237 235 341 411 telescope 378 375 473 405
00029-20280-20340 Danny 195 65 313 415 Andrei 487 71 585 419 telescope 264 88 345 122
00029-20540-20610 Danny 190 62 277 418 Andrei 470 70 572 423 telescope 469 206 565 238
00029-20880-20920 Danny 432 70 529 420 Andrei 232 60 337 408 telescope 389 88 476 113 
00029-21120-21180 Danny 456 63 551 451 Andrei 238 56 336 407 telescope 233 223 322 252
00029-22780-22820 Danny 436 67 532 411 Andrei 165 54 278 423 telescope 224 87 318 119
00029-22940-23040 Danny 438 70 538 416 Andrei 166 55 254 452 telescope 411 221 518 260
00029-23260-23350 Danny 444 70 545 410 Andrei 193 66 285 404 telescope 414 92 497 126
00029-23460-23560 Danny 197 58 300 404 Andrei 452 63 546 407 telescope 245 212 334 242
00029-2360-2440 Andrei 295 77 392 394 bag 437 305 520 408 chair 259 235 371 421 telescope 273 265 357 294
00029-24110-24210 Danny 208 60 335 423 bag 486 305 558 420 telescope 277 97 351 192
00029-24470-24560 Danny 201 59 308 420 bag 489 309 557 424 telescope 479 326 573 355
00029-25250-25360 Danny 432 74 549 426 bag 209 301 281 422 telescope 416 111 496 194
00029-25560-25640 Danny 419 69 534 412 bag 209 302 281 417 telescope 198 318 298 357
00029-2580-2650 Andrei 425 73 530 401 bag 440 250 501 351 chair 232 234 336 416 telescope 425 219 526 256
00029-26130-26200 Danny 209 63 317 415 chair 428 237 538 424 telescope 268 105 344 176
00029-26390-26480 Danny 195 66 287 407 chair 431 239 537 419 telescope 440 263 529 295
00029-26740-26810 Danny 437 69 536 416 chair 210 234 312 415 telescope 413 106 493 182
00029-26980-27060 Danny 458 69 549 415 chair 215 235 314 411 telescope 221 263 309 290
00029-27600-27680 Danny 212 62 323 418 bag 476 316 539 421 telescope 271 102 364 191
00029-27870-27950 Danny 207 65 314 405 bag 473 318 542 418 telescope 456 316 554 350
00029-28180-28270 Danny 465 70 553 414 bag 208 308 281 419 telescope 430 103 509 191 
00029-28460-28520 Danny 432 74 550 421 bag 213 322 286 420 telescope 201 315 297 350
00029-28960-29020 Danny 214 60 334 413 chair 421 233 518 412 telescope 268 99 353 180
00029-29170-29260 Danny 205 59 285 410 chair 420 237 522 416 telescope 433 293 516 322
00029-29520-29570 Danny 443 64 531 411 chair 199 235 306 429 telescope 415 99 489 192
00029-2970-3080 Andrei 270 73 364 393 bag 473 304 531 412 chair 278 228 378 417 telescope 388 377 485 412
00029-29800-29880 Danny 446 68 541 406 chair 221 233 316 412 telescope 230 291 317 320
00029-30650-30730 Andrei 180 65 278 407 chair 451 238 555 417 telescope 242 105 326 166
00029-30920-30990 Andrei 191 59 289 398 chair 453 241 558 423 telescope 456 267 540 301
00029-31260-31330 Andrei 439 64 542 404 chair 235 238 341 419 telescope 415 100 496 176
00029-31580-31650 Andrei 452 69 551 411 chair 235 239 338 420 telescope 245 264 340 294
00029-32050-32150 Andrei 192 58 306 407 bag 487 300 553 419 telescope 251 100 332 179
00029-32580-32710 Andrei 214 62 297 416 bag 489 317 562 417 telescope 487 328 567 363
00029-3260-3330 Andrei 414 71 515 402 chair 227 239 327 417 bag 408 236 466 366 telescope 401 205 490 234
00029-33020-33130 Andrei 453 74 551 407 bag 213 295 279 406 telescope 420 104 503 186
00029-33350-33420 Andrei 463 74 573 404 bag 208 302 290 406 telescope 197 316 288 358
00029-33870-33960 Andrei 138 63 246 411 bag 449 317 517 417 telescope 199 109 281 186
00029-34290-34390 Andrei 142 66 262 407 bag 447 318 520 421 telescope 445 319 532 346
00029-34730-34910 Andrei 443 68 539 414 bag 206 311 273 414 telescope 413 106 495 183 
00029-3480-3570 Andrei 264 82 368 395 bag 305 237 382 335 chair 293 232 393 421 telescope 441 372 535 406
00029-35180-35320 Andrei 446 68 553 413 bag 211 315 278 411 telescope 198 315 291 342
00029-35760-35930 Andrei 164 62 270 403 chair 431 238 525 411 telescope 223 101 303 177
00029-36180-36280 Andrei 146 67 254 407 chair 430 240 524 416 telescope 431 298 523 325
00029-36600-36730 Andrei 433 65 528 399 chair 161 224 259 402 telescope 389 100 475 175
00029-37070-37200 Andrei 446 65 551 410 chair 163 232 260 405 telescope 165 289 258 314
00029-3750-3810 Andrei 259 76 381 397 bag 371 306 447 413 chair 210 231 319 414 telescope 443 378 536 420
00029-4230-4290 Andrei 409 66 516 400 bag 475 239 554 371 chair 242 229 344 411 telescope 469 209 532 253
00029-4500-4580 Andrei 302 75 399 393 bag 431 306 522 413 chair 285 238 387 423 telescope 291 261 387 296
00029-4800-4890 Andrei 362 99 455 403 bag 442 307 520 412 chair 245 233 353 416 telescope 357 235 452 267
00029-480-530 Andrei 263 63 359 392 bag 454 309 536 416 chair 264 145 365 326 telescope 369 379 462 412
00029-5140-5230 Andrei 245 69 362 396 bag 274 138 343 221 chair 258 135 343 250 telescope 386 380 484 407
00029-5650-5730 Andrei 373 66 471 407 bag 405 192 477 304 chair 246 234 352 420 telescope 392 166 478 218
00029-5920-5990 Andrei 421 67 521 404 bag 454 164 518 272 chair 244 236 345 423 telescope 349 381 440 418
00029-6210-6290 Andrei 244 114 355 401 bag 442 311 529 412 chair 250 226 348 401 telescope 256 246 341 277
00029-6630-6730 Andrei 431 67 529 396 bag 443 173 510 282 chair 243 235 346 419 telescope 438 160 531 192
00029-6910-6980 Andrei 253 66 351 389 bag 456 313 520 411 chair 253 130 344 304 telescope 375 377 467 410
00029-700-750 Andrei 438 66 536 399 bag 454 224 521 333 chair 248 232 351 411 telescope 455 189 537 222
00029-7490-7580 Andrei 438 152 528 406 bag 457 304 522 408 chair 246 235 343 415 telescope 455 301 536 330
00029-7830-7930 Andrei 248 68 354 396 bag 272 135 329 213 chair 250 125 347 303 telescope 387 377 485 416
00029-8310-8360 Andrei 258 62 364 407 bag 487 319 553 421 chair 268 129 364 293 telescope 396 377 487 413
00029-8550-8620 Andrei 443 160 562 404 bag 484 309 551 404 chair 258 239 357 422 telescope 479 304 565 334
00029-8750-8820 Andrei 252 70 374 397 bag 461 311 536 411 chair 265 164 358 353 telescope 270 197 359 222
00029-940-1010 Andrei 273 62 382 387 bag 452 309 527 413 chair 282 147 382 313 telescope 292 169 372 198
00030-10240-10320 Danny 313 118 405 403 bag 295 319 358 420 bag 449 314 512 405 telescope 287 301 381 321
00030-10460-10530 Danny 457 105 529 405 bag 290 306 360 427 bag 449 314 509 414 telescope 433 274 528 307
00030-12850-13010 Danny 293 76 387 384 chair 265 230 361 410 chair 420 236 517 417 telescope 258 229 347 254
00030-13130-13250 Danny 392 68 481 399 chair 265 229 364 409 chair 427 236 525 416
00030-13380-13480 Danny 287 82 391 390 chair 262 230 365 408 chair 429 237 527 418 telescope 256 259 353 283
00030-13630-13720 Danny 384 98 472 407 chair 262 228 355 403 chair 418 239 514 417 telescope 421 294 509 326
00030-35380-35470 Danny 279 63 370 399 chair 249 233 344 417 chair 394 243 516 419 bag 263 233 323 327
00030-35590-35680 Danny 412 75 486 396 chair 247 237 345 420 chair 396 245 487 425 bag 417 142 482 238
00030-35780-35870 Danny 266 66 343 404 chair 245 236 347 419 chair 392 237 494 416 bag 257 237 324 340
00030-35970-36060 Danny 399 70 478 392 chair 247 238 346 409 chair 393 235 489 420 bag 409 239 470 338
00030-42930-43070 Andrei 281 130 379 406 bag 260 321 345 416 bag 412 304 494 414 telescope 274 273 379 310
00030-43180-43280 Andrei 420 153 509 401 bag 406 326 497 407 telescope 422 319 517 347 bag 254 304 345 417 
00030-43670-43780 Andrei 414 145 510 400 bag 255 306 349 413 bag 409 318 502 409 telescope 425 316 520 336
00030-44300-44380 Andrei 292 91 371 403 chair 273 236 377 415 chair 425 236 531 419 telescope 274 251 373 284
00030-44510-44610 Andrei 434 84 517 404 chair 277 240 385 420 chair 431 246 538 426 telescope 443 200 540 237
00030-44700-44800 Andrei 275 91 362 403 chair 273 235 377 424 chair 428 242 530 423 telescope 272 265 369 291
00030-44910-45020 Andrei 430 114 510 407 chair 269 237 377 426 chair 432 244 531 426 telescope 433 300 524 330
00030-9680-9750  Danny 305 147 421 409 bag 295 318 361 421 bag 447 316 515 411 telescope 281 319 374 346 
00030-9890-10010 Danny 383 146 504 403 bag 295 301 359 422 bag 447 312 514 404 telescope 434 306 524 344
00031-20080-20170 Andrei 283 58 372 408 Danny 381 66 466 415 bag 346 137 411 266 
00031-20400-20460 Andrei 291 61 387 416 Danny 387 64 474 417 bag 354 142 411 259
00031-20630-20730 Andrei 275 55 385 420 Danny 422 68 512 417 bag 284 199 353 358 bag 420 159 489 296
00031-20870-20940 Andrei 275 60 378 426 Danny 416 67 514 418 bag 293 219 353 325 bag 443 182 507 290
00031-21340-21420 Andrei 273 55 385 430 Danny 438 68 540 434 chair 353 128 467 326
00031-21680-21790 Andrei 276 57 391 435 Danny 413 67 526 436 chair 353 132 451 333
00031-21950-22040 Andrei 281 63 384 411 Danny 432 63 537 432 chair 282 127 386 317 chair 428 141 539 340
00031-22230-22270 Andrei 270 55 376 412 Danny 443 73 545 425 chair 412 134 528 326 chair 277 114 376 282 
00031-26730-26830 Andrei 300 61 395 420 Danny 395 63 516 419 bag 331 142 409 266
00031-27090-27180 Andrei 288 65 387 413 Danny 379 68 511 414 bag 326 161 399 261
00031-27940-28000 Andrei 260 65 360 416 Danny 381 66 532 419 chair 308 143 404 335 
00031-29270-29340 Andrei 280 58 370 417 Danny 402 65 548 422 chair 331 104 433 299
00031-32820-32910 Andrei 252 69 363 410 Danny 438 73 540 419 bag 263 251 331 394 bag 444 223 509 346 
00031-33070-33130 Andrei 271 58 370 405 bag 259 243 345 367 Danny 420 65 542 403 bag 404 227 499 343
00031-33660-33760 Andrei 274 68 368 407  Danny 388 71 506 414 chair 256 245 363 430 chair 369 245 472 427 
00031-33960-34050 Andrei 231 70 353 400 Danny 375 68 504 405 chair 351 242 455 420 chair 209 237 309 425
00031-34510-34590 Andrei 313 134 407 423 Danny 408 114 496 410 bag 371 290 441 403
00031-34850-34940 Andrei 297 93 392 402 Danny 392 78 485 407 bag 345 204 416 314
00031-35370-35470 Andrei 253 88 348 394 Danny 430 96 517 407 bag 265 231 325 333 bag 428 284 504 394
00031-35630-35720 Andrei 252 98 338 398 Danny 442 130 518 401 bag 419 314 492 413 bag 262 262 316 402
00031-36180-36280 Andrei 272 61 380 417 Danny 416 71 511 426 chair 340 178 452 345
00031-36590-36680 Andrei 270 102 366 395 Danny 414 102 503 390 chair 344 177 430 324
00031-36880-36960 Andrei 234 127 339 400 Danny 411 70 509 394 chair 237 236 338 414 chair 411 201 500 396
00031-37210-37300 Andrei 228 99 343 404 Danny 394 74 500 404 chair 395 162 517 365 chair 233 171 337 340
00031-37810-37930 Andrei 291 97 388 402 Danny 388 85 476 398 bag 356 247 425 366
00031-38360-38450 Andrei 302 120 403 399 Danny 403 104 502 408 bag 370 294 425 404
00031-38670-38760 Andrei 261 78 357 407 Danny 434 96 514 413 bag 251 314 313 414 bag 425 314 498 414
00031-39430-39550 Andrei 253 71 348 408 Danny 432 70 517 422 bag 247 169 316 307 bag 453 200 512 340
00031-39930-40010 Andrei 246 62 356 408 Danny 411 68 527 417 chair 327 152 423 336
00031-40210-40450 Andrei 243 60 359 406 Danny 389 73 501 417 chair 328 149 417 312 
00031-40640-40740 Andrei 245 73 356 402 Danny 420 72 509 415 chair 256 149 350 338 chair 417 175 517 365 
00031-40930-41080 Andrei 256 66 348 397 Danny 430 71 512 405 chair 390 145 514 334 chair 257 118 345 296
00031-5610-5730 Andrei 267 67 358 390 chair 249 228 340 408 chair 446 233 546 403 bag 267 165 329 303
00031-5920-6040 Andrei 428 61 524 386 chair 251 228 346 406 chair 446 234 540 409 bag 464 127 529 272
00031-6120-6210 Andrei 258 78 337 391 chair 246 231 345 409 chair 441 238 533 405 bag 263 233 336 323
00031-6310-6440 Andrei 431 65 518 396 chair 247 232 348 409 chair 445 235 541 416 bag 456 240 517 329
00042-1560-1670 Andrei 175 87 271 435 Danny 359 91 445 433 bag 286 325 356 435
00042-16980-17090 Andrei 367 92 470 423 Danny 158 89 263 426 bag 163 206 216 350 bag 218 198 276 300
00042-17230-17360 Andrei 363 92 456 423 Danny 150 88 253 433 bag 353 188 411 344 bag 420 194 474 299
00042-17450-17560 Andrei 375 93 468 419 Danny 167 89 268 425 bag 187 207 245 322 bag 389 192 456 294
00042-17680-17790 Andrei 361 91 458 418 Danny 167 88 256 423 bag 172 191 239 302 bag 378 208 443 352
00042-1800-1900 Andrei 365 95 454 433 Danny 147 88 261 433 bag 289 321 353 430
00042-18730-18870 Andrei 361 99 457 418 Danny 138 94 260 423 bag 181 265 248 364 bag 124 258 186 388
00042-20030-20180 Andrei 374 109 466 417 Danny 170 90 272 416 bag 433 273 490 405 bag 365 266 435 397
00042-20360-20450 Andrei 372 97 454 420 bag 365 263 429 390 Danny 145 91 240 420 bag 140 256 207 410
00042-20620-20710 Andrei 367 90 469 427 Danny 143 85 239 419 bag 130 265 187 393 bag 423 262 485 414
00042-2480-2630 Andrei 181 94 252 407 Danny 374 98 465 422 bag 67 323 152 428 bag 439 327 528 425
00042-2760-2870 Andrei 355 98 423 433 Danny 132 91 227 421 bag 64 319 156 439 bag 433 325 522 433
00042-3360-3450 Andrei 154 86 273 426 Danny 358 86 472 437 chair 274 252 371 428
00042-3620-3700 Andrei 340 90 426 424 Danny 155 86 265 411 chair 248 249 344 427
00042-4100-4200 Andrei 151 93 262 425 Danny 350 91 439 422 chair 257 257 356 434
00042-43050-43170 Andrei 381 97 485 428 Danny 198 91 310 420 chair 135 261 246 450 chair 246 265 337 455
00042-4370-4470 Andrei 317 100 419 426 Danny 172 84 274 429 chair 254 260 353 431
00042-43810-43920 Andrei 293 119 411 419 Danny 105 88 200 434 chair 318 262 409 460 chair 239 258 333 452
00042-44180-44290 Andrei 345 121 452 429 Danny 124 87 228 423 chair 102 266 208 456 chair 377 254 483 439
00042-44530-44630 Andrei 339 108 432 428 Danny 125 93 234 422 chair 334 262 433 438 chair 66 258 188 446
00042-45120-45230 Andrei 382 93 488 428 Danny 121 115 237 426 bag 183 296 255 421 bag 108 292 181 410
00042-45390-45530 Andrei 381 177 492 425 Danny 158 83 243 426 bag 441 336 507 434 bag 360 337 444 440
00042-45710-45810 Andrei 375 113 467 422 Danny 130 94 230 431 bag 128 270 190 419 bag 386 265 443 374
00042-45950-46070 Andrei 375 109 472 422 Danny 121 92 228 425 bag 395 234 454 382 bag 125 282 185 405
00042-46850-46950 Andrei 370 92 464 424 Danny 160 89 276 415 chair 209 259 307 440 chair 100 250 206 450
00042-47220-47300 Andrei 326 100 452 417 Danny 113 81 211 405 chair 387 168 495 366 chair 278 155 377 354
00042-47530-47630 Andrei 332 109 447 406 Danny 96 95 201 414 chair 70 191 177 390 chair 352 197 447 401
00042-47810-47900 Andrei 334 115 447 424 Danny 100 123 212 413 chair 59 217 168 416 chair 351 200 446 385
00042-4820-4930 Andrei 121 99 220 394 Danny 352 100 435 416 chair 61 250 163 422 chair 405 251 497 423
00042-48350-48450 Andrei 358 97 451 424 Danny 120 159 227 420 bag 100 339 165 439 bag 169 335 238 448
00042-48680-48770 Andrei 362 171 454 420 bag 348 337 410 438 bag 408 335 468 435 Danny 126 93 233 430
00042-48920-49020 Andrei 374 157 459 422 Danny 137 126 218 421 bag 136 342 201 438 bag 378 330 441 427 
00042-49180-49270 Andrei 375 145 458 420 Danny 129 107 214 427 bag 378 339 443 429 bag 120 334 192 439
00042-49790-49890 Andrei 351 92 444 410 Danny 113 90 238 415 chair 52 246 169 440 chair 169 245 270 443
00042-50250-50420 Andrei 313 104 451 432 Danny 74 86 173 417 chair 267 255 368 443 chair 385 249 490 437
00042-5060-5160 Andrei 312 94 379 389 Danny 152 94 223 402 chair 64 248 167 423 chair 408 254 498 419
00042-50930-51010 Andrei 372 105 460 432 chair 364 252 461 452 Danny 94 118 222 416 chair 94 259 196 437
00042-51250-51350 Andrei 356 99 459 420 Danny 123 99 217 418 chair 356 260 460 442 chair 104 262 206 438
00042-53860-53990 Andrei 122 84 230 408 Danny 342 99 419 409 bag 79 317 136 430 bag 419 333 504 421
00042-54130-54250 Andrei 370 93 447 421 Danny 102 86 185 417 bag 79 334 137 430 bag 417 322 503 422
00042-55420-55530 Andrei 161 96 264 408 Danny 307 94 396 402 chair 25 259 135 441 chair 414 253 516 437
00042-5720-5830 Andrei 154 93 242 408 Danny 381 95 487 419 bag 281 322 354 437
00042-5980-6110 Andrei 370 95 466 416 Danny 125 90 237 425 bag 273 318 338 427
00042-640-760 Andrei 99 86 211 423 Danny 371 90 490 420 bag 270 321 356 433
00042-6490-6590 Andrei 119 95 235 420 Danny 403 94 509 451 bag 289 331 352 434
00042-6760-6870 Andrei 400 96 490 423 Danny 89 88 187 428 bag 280 328 350 428
00042-7330-7440 Andrei 180 92 282 411 Danny 274 98 394 410 bag 72 316 133 422 bag 437 334 515 427 
00042-7540-7620 Andrei 326 95 446 418 Danny 173 90 242 410 bag 69 320 130 417 bag 434 330 508 431
00042-8120-8220 Andrei 64 92 187 405 Danny 404 96 489 422 chair 239 259 342 440
00042-8340-8450 Andrei 373 95 457 412 Danny 105 92 214 420 chair 238 260 339 437
00042-8680-8820 Andrei 151 96 239 408 Danny 360 97 458 424 chair 249 254 339 448
00042-8970-9070 Andrei 388 88 475 426 Danny 130 89 219 428 chair 248 254 343 438
00042-920-1020  Andrei 355 98 439 426 Danny 157 88 270 435 bag 270 321 354 429
00042-9400-9490 Andrei 136 92 243 405 Danny 333 92 428 400 chair 50 245 151 421 chair 395 247 503 433
00042-9650-9780 Andrei 355 90 445 420 Danny 131 93 243 390 chair 48 250 152 429 chair 405 255 507 427
00043-10740-10850 Andrei 353 101 445 419 Danny 242 94 312 429 chair 321 263 410 443 chair 416 262 506 437
00043-10-90 Andrei 334 98 437 408 Danny 100 94 214 406 chair 32 261 142 436 chair 412 257 513 436
00043-11340-11470 Andrei 77 89 169 409 Danny 201 95 316 410 chair 28 250 127 425 chair 127 248 213 424
00043-12430-12520 Andrei 409 93 492 427 Danny 302 96 376 424 bag 79 325 146 431 bag 146 336 213 436
00043-12740-12870 Andrei 29 91 142 420 Danny 281 96 368 412 bag 387 331 453 442 bag 452 335 511 436
00043-13370-13480 Andrei 398 102 492 420 Danny 238 93 352 411 chair 50 252 145 445 chair 145 258 242 437
00043-13750-13880 Andrei 58 93 162 414 Danny 240 100 345 419 chair 313 264 414 444 chair 414 266 511 452
00043-1960-2140 Andrei 423 94 494 438 Danny 127 88 190 408 bag 92 322 167 433 bag 434 333 506 431
00043-2310-2410 Andrei 212 96 300 408 Danny 308 93 401 419 bag 92 321 183 427 bag 420 329 503 432
00043-43070-43200 Andrei 404 98 481 427 Danny 305 92 391 420 telescope 318 224 401 256
00043-43260-43360 Andrei 411 99 510 422 Danny 199 92 283 425 telescope 161 230 249 270
00043-43510-43660 Andrei 89 94 198 422 Danny 280 94 398 425 telescope 268 234 369 264
00043-43700-43820 Andrei 87 87 192 415 Danny 339 94 424 433 telescope 373 237 467 269 
00043-43960-44080 Andrei 252 91 386 432 Danny 409 42 512 424 telescope 282 253 367 310
00043-44210-44330 Andrei 205 103 343 428 Danny 426 101 513 425 telescope 208 256 304 291
00043-44490-44620 Andrei 272 79 381 423 Danny 105 84 185 435 telescope 255 258 369 295
00043-44670-44790 Andrei 239 96 350 422 Danny 100 84 187 426 telescope 242 254 340 305
00043-45270-45360 Andrei 401 94 504 420 Danny 261 99 383 422 telescope 424 263 511 298
00043-45410-45520 Andrei 407 108 508 429 Danny 196 90 300 428 telescope 425 260 511 305
00043-45730-45840 Andrei 116 93 216 424 Danny 229 89 332 416 telescope 99 266 202 306
00043-45870-45970 Andrei 108 90 212 426 Danny 356 98 441 426 telescope 89 251 199 329
00043-46120-46230 Andrei 235 98 362 428 Danny 415 97 501 429 telescope 440 266 530 301
00043-46330-46430 Andrei 152 93 253 419 Danny 417 99 506 425 telescope 443 267 521 301
00043-46630-46770 Andrei 276 89 370 418 Danny 86 88 191 424 telescope 82 249 191 300
00043-46850-46960 Andrei 337 96 450 420 Danny 93 89 190 426 telescope 85 251 189 289
00043-47510-47640 Andrei 397 86 502 415 Danny 209 98 339 426 bag 275 215 344 359 
00043-47680-47780 Andrei 396 96 496 418 Danny 186 86 279 428 bag 169 221 236 356
00043-47960-48060 Andrei 65 85 182 416 Danny 221 91 344 424 bag 262 288 328 402
00043-48120-48240 Andrei 73 86 183 416 Danny 266 49 345 427 bag 266 293 329 418
00043-48410-48530 Andrei 168 94 305 414 Danny 418 85 510 429 bag 190 279 252 403
00043-48620-48730 Andrei 186 92 316 407 Danny 415 94 513 426 bag 192 279 259 391 
00043-49000-49100 Andrei 253 101 386 422 Danny 91 84 180 427 bag 282 295 355 426
00043-49210-49320 Andrei 232 96 379 431 Danny 83 86 180 426 bag 247 292 329 438
00043-49500-49630 Andrei 405 92 502 421 Danny 261 90 332 427 bag 436 293 501 391
00043-49670-49780 Andrei 400 92 510 422 Danny 195 90 339 421 bag 446 291 511 397
00043-50230-50340 Andrei 88 91 184 424 Danny 271 97 348 414 bag 85 285 189 422
00043-50400-50500 Andrei 88 93 187 425 bag 83 289 154 423 Danny 326 99 445 432
00043-50650-50770 Andrei 123 81 230 427 Danny 419 83 503 425 bag 449 295 510 420
00043-50860-50990 Andrei 181 90 313 425 Danny 411 101 498 431 bag 444 295 508 417
00043-51150-51260 Andrei 261 92 376 426 Danny 59 78 161 429 bag 65 282 138 422
00043-51350-51480 Andrei 258 89 389 440 Danny 59 91 152 430 bag 66 289 132 427
00043-52680-52800 Andrei 394 87 492 422 Danny 281 88 371 435 chair 317 195 422 384
00043-52890-53020 Andrei 396 89 503 429 Danny 103 88 210 431 chair 64 167 192 372
00043-53170-53290 Andrei 83 90 194 422 Danny 257 87 356 423 chair 217 172 332 368 
00043-53360-53470 Andrei 82 96 199 426 Danny 351 96 480 432 chair 377 182 489 387
00043-53710-53810 Andrei 245 87 373 424 Danny 416 94 505 427 chair 297 175 399 359
00043-53850-54000 Andrei 201 89 317 429 Danny 411 91 506 426 chair 168 162 278 345
00043-5430-5510 Andrei 293 89 375 398 Danny 189 91 286 402 chair 68 250 176 438 chair 422 261 515 435
00043-54370-54480 Andrei 263 87 357 434 Danny 47 86 137 428 chair 207 138 311 303
00043-54660-54800 Andrei 325 92 435 420 Danny 41 88 137 424 chair 375 150 482 340
00043-54960-55070 Andrei 390 94 487 428 Danny 229 90 348 428 chair 400 162 491 326
00043-55100-55220 Andrei 390 93 500 426 Danny 166 90 260 427 chair 403 156 494 348
00043-55470-55570 Andrei 114 92 211 419 Danny 277 91 414 418 chair 124 150 228 336
00043-55660-55800 Andrei 106 84 221 425 Danny 425 91 505 432 chair 120 152 221 352 
00043-56050-56160 Andrei 249 91 376 433 Danny 406 95 503 434 chair 398 165 503 342
00043-56240-56360 Andrei 157 91 269 413 Danny 399 94 506 434 chair 398 161 509 346
00043-56550-56660 Andrei 220 88 342 420 Danny 87 86 186 429 chair 62 159 183 350
00043-56720-56860 Andrei 386 95 480 435 Danny 78 90 185 426 chair 75 160 180 347
00043-6020-6130 Andrei 141 94 247 412 Danny 350 101 456 422 chair 422 261 523 439 chair 68 254 189 434
00043-9210-9340 Andrei 384 92 475 426 Danny 165 97 267 419 bag 388 339 449 434 bag 449 332 500 431
00043-9850-9990 Andrei 70 92 169 410 Danny 304 95 387 410 bag 85 331 143 431 bag 141 328 197 426
00044-11090-11190 Andrei 316 93 406 413 Danny 82 86 165 421 Yevgeni 409 88 494 414
00044-11290-11360 Andrei 318 90 403 409 Danny 85 83 181 421 Yevgeni 414 88 500 428
00044-11680-11780 Andrei 152 87 231 411 Danny 98 83 161 420 Yevgeni 420 83 510 420
00044-11850-11950 Andrei 162 84 248 409 Danny 85 82 161 428 Yevgeni 425 86 506 424
00044-12200-12290 Andrei 76 76 160 424 Danny 368 88 444 420 Yevgeni 443 90 519 417
00044-12380-12500 Andrei 82 83 180 416 Danny 373 89 440 422 Yevgeni 441 85 525 427
00044-12710-12810 Andrei 150 87 240 414 Danny 416 95 484 426 Yevgeni 50 72 140 415
00044-12890-13010 Andrei 130 94 236 409 Danny 401 98 486 431 Yevgeni 60 83 125 426
00044-13110-13220 Andrei 332 88 410 403 Danny 409 93 491 419 Yevgeni 54 72 134 423
00044-13310-13430 Andrei 328 99 405 412 Danny 414 97 490 419 Yevgeni 55 79 140 416
00044-13670-13750 Andrei 403 93 491 420 Danny 140 81 223 413 Yevgeni 46 78 135 415
00044-13810-13930 Andrei 380 95 487 431 Danny 148 95 225 413 Yevgeni 51 81 130 436
00044-15060-15170 Andrei 313 110 397 413 Yevgeni 393 95 486 417 Danny 187 89 279 415
00044-15320-15410 Andrei 305 88 403 413 Yevgeni 402 86 487 417 Yevgeni 120 88 219 414 
00044-15740-15850 Andrei 226 90 305 418 Danny 67 89 161 428 Yevgeni 309 74 380 436
00044-16140-16270 Andrei 279 96 386 427 Danny 36 93 116 432 Yevgeni 381 90 497 413
00044-17450-17580 Andrei 272 83 346 435 Danny 169 87 273 437 Yevgeni 418 88 517 431
00044-18180-18320 Andrei 242 88 331 423 Danny 99 90 228 444 Yevgeni 419 89 515 426 
00044-18530-18620 Andrei 143 88 226 422 Danny 68 85 151 447 Yevgeni 303 90 415 418
00044-18880-19010 Andrei 135 92 219 418 Danny 59 85 144 442 Yevgeni 294 85 438 435
00044-19200-19300 Andrei 240 94 366 429 Danny 391 93 469 425 Yevgeni 469 86 556 442
00044-19380-19490 Andrei 156 94 233 423 Danny 385 97 469 429 Yevgeni 468 90 553 437
00044-23080-23210 Andrei 98 90 209 435 Danny 248 87 338 445 Yevgeni 349 77 443 437
00044-23490-23640 Andrei 94 92 188 430 Danny 288 94 380 456 Yevgeni 390 78 509 442
00044-24280-24410 Andrei 226 92 348 433 Danny 426 96 517 426 Yevgeni 118 81 200 421
00044-25330-25490 Andrei 253 96 362 423 Danny 434 95 541 431 Yevgeni 90 79 220 427
00044-25660-25760 Andrei 136 88 225 418 Yevgeni 38 70 133 427 Danny 289 99 416 418
00044-25850-25940 Andrei 122 81 222 416 Danny 306 93 443 437 Yevgeni 32 78 122 433
00044-26180-26260 Andrei 357 92 442 427 Danny 441 96 516 435 Yevgeni 147 87 278 427
00044-26450-26540 Andrei 345 92 439 419 Danny 438 96 524 428 Yevgeni 95 86 225 434
00044-26650-26770 Andrei 159 84 262 419 Danny 262 90 376 431 Yevgeni 50 81 152 426
00044-27130-27260 Andrei 258 78 336 431 Danny 385 93 510 431 Yevgeni 43 80 144 431 
00044-27470-27580 Andrei 405 94 507 431 Danny 226 91 332 440 Yevgeni 106 90 232 451
00044-27690-27840 Andrei 403 96 502 431 Danny 236 96 322 428 Yevgeni 138 81 222 437
00044-27940-28030 Andrei 273 88 352 430 Danny 126 89 251 431 Yevgeni 26 76 121 445
00044-28210-28330 Andrei 337 93 420 423 Danny 121 90 225 427 Yevgeni 13 79 113 442
